108 174 255 1 1 1.235000
109 174 255 1 0 1.288000
110 174 255 1 0 1.295000
111 174 255 1 0 1.313000
112 174 255 1 0 1.320000
113 174 255 1 0 1.328000
114 174 255 1 0 1.343000
115 174 255 1 0 1.350000
116 174 255 1 0 1.365000
118 174 255 1 0 1.383000
123 173 255 1 0 1.388000
127 172 255 1 0 1.395000
130 172 255 1 0 1.403000
133 172 255 1 0 1.413000
135 172 255 1 0 1.420000
137 172 255 1 0 1.428000
138 172 255 1 0 1.435000
139 172 255 1 0 1.443000
140 172 255 1 0 1.473000
143 172 255 1 0 1.490000
145 173 255 1 0 1.498000
148 174 255 1 0 1.503000
151 175 255 1 0 1.513000
154 175 255 1 0 1.520000
157 176 255 1 0 1.528000
160 177 255 1 0 1.535000
163 178 255 1 0 1.543000
167 179 255 1 0 1.553000
169 179 255 1 0 1.560000
171 180 255 1 0 1.565000
173 181 255 1 0 1.573000
176 182 255 1 0 1.583000
178 182 255 1 0 1.590000
179 183 255 1 0 1.605000
180 183 255 1 0 1.613000
181 183 255 1 0 1.643000
182 183 255 1 0 1.660000
183 184 255 1 0 1.668000
185 185 255 1 0 1.673000
189 186 255 1 0 1.683000
191 186 255 1 0 1.690000
193 187 255 1 0 1.698000
195 188 255 1 0 1.705000
199 189 255 1 0 1.713000
201 190 255 1 0 1.723000
203 192 255 1 0 1.730000
206 193 255 1 0 1.735000
208 193 255 1 0 1.743000
208 194 255 1 0 1.753000
209 194 255 1 0 1.760000
209 195 255 1 0 1.845000
209 196 255 1 0 1.860000
209 199 255 1 0 1.868000
209 202 255 1 0 1.875000
209 205 255 1 0 1.883000
208 208 255 1 0 1.893000
207 211 255 1 0 1.900000
206 214 255 1 0 1.905000
204 219 255 1 0 1.913000
202 222 255 1 0 1.923000
200 226 255 1 0 1.930000
199 229 255 1 0 1.938000
198 231 255 1 0 1.945000
196 235 255 1 0 1.953000
196 237 255 1 0 1.963000
195 239 255 1 0 1.968000
194 241 255 1 0 1.975000
193 244 255 1 0 1.983000
192 247 255 1 0 1.993000
191 250 255 1 0 2.000000
188 253 255 1 0 2.008000
185 258 255 1 0 2.015000
183 262 255 1 0 2.023000
180 265 255 1 0 2.030000
178 269 255 1 0 2.038000
177 271 255 1 0 2.045000
175 273 255 1 0 2.053000
175 275 255 1 0 2.063000
174 276 255 1 0 2.070000
173 277 255 1 0 2.078000
173 278 255 1 0 2.083000
172 279 255 1 0 2.093000
171 281 255 1 0 2.100000
170 282 255 1 0 2.108000
168 285 255 1 0 2.115000
166 285 255 1 0 2.123000
165 288 255 1 0 2.133000
162 289 255 1 0 2.138000
160 290 255 1 0 2.145000
159 291 255 1 0 2.153000
158 291 255 1 0 2.163000
157 291 255 1 0 2.170000
157 292 255 1 0 2.178000
156 292 255 1 0 2.185000
155 293 255 1 0 2.193000
153 294 255 1 0 2.200000
150 295 255 1 0 2.208000
148 297 255 1 0 2.215000
146 297 255 1 0 2.223000
144 298 255 1 0 2.233000
141 299 255 1 0 2.240000
140 300 255 1 0 2.248000
139 300 255 1 0 2.253000
138 300 255 1 0 2.333000
249 168 255 1 1 2.913000
250 168 255 1 0 2.935000
252 171 255 1 0 2.943000
253 177 255 1 0 2.950000
254 182 255 1 0 2.958000
254 188 255 1 0 2.965000
254 195 255 1 0 2.973000
254 200 255 1 0 2.983000
254 206 255 1 0 2.990000
254 213 255 1 0 2.998000
254 218 255 1 0 3.003000
254 223 255 1 0 3.013000
254 227 255 1 0 3.020000
254 230 255 1 0 3.028000
254 233 255 1 0 3.035000
254 236 255 1 0 3.043000
254 239 255 1 0 3.053000
254 242 255 1 0 3.058000
254 245 255 1 0 3.065000
254 248 255 1 0 3.073000
254 251 255 1 0 3.083000
254 254 255 1 0 3.090000
254 259 255 1 0 3.098000
254 262 255 1 0 3.105000
253 265 255 1 0 3.113000
253 268 255 1 0 3.120000
253 272 255 1 0 3.128000
253 275 255 1 0 3.135000
253 280 255 1 0 3.143000
253 286 255 1 0 3.153000
253 291 255 1 0 3.160000
253 295 255 1 0 3.165000
253 300 255 1 0 3.173000
253 303 255 1 0 3.183000
253 306 255 1 0 3.190000
253 309 255 1 0 3.198000
253 310 255 1 0 3.205000
253 312 255 1 0 3.213000
253 313 255 1 0 3.223000
254 313 255 1 0 3.228000
254 314 255 1 0 3.235000
254 315 255 1 0 3.243000
254 316 255 1 0 3.260000
254 317 255 1 0 3.275000
254 318 255 1 0 3.360000
254 317 255 1 0 3.405000
254 313 255 1 0 3.413000
254 310 255 1 0 3.423000
254 307 255 1 0 3.430000
255 257 255 1 1 3.683000
257 257 255 1 0 3.693000
258 257 255 1 0 3.700000
260 257 255 1 0 3.708000
262 257 255 1 0 3.715000
264 257 255 1 0 3.723000
265 257 255 1 0 3.740000
266 257 255 1 0 3.748000
267 257 255 1 0 3.753000
268 257 255 1 0 3.763000
269 257 255 1 0 3.778000
270 257 255 1 0 3.785000
271 257 255 1 0 3.800000
272 257 255 1 0 3.808000
273 257 255 1 0 3.815000
276 257 255 1 0 3.823000
277 257 255 1 0 3.833000
279 257 255 1 0 3.840000
281 257 255 1 0 3.848000
283 257 255 1 0 3.855000
286 257 255 1 0 3.863000
288 257 255 1 0 3.870000
290 257 255 1 0 3.878000
292 257 255 1 0 3.885000
294 257 255 1 0 3.893000
297 257 255 1 0 3.903000
299 257 255 1 0 3.910000
301 257 255 1 0 3.915000
304 257 255 1 0 3.923000
307 257 255 1 0 3.933000
309 257 255 1 0 3.940000
312 257 255 1 0 3.948000
314 257 255 1 0 3.955000
316 256 255 1 0 3.963000
317 256 255 1 0 3.973000
317 255 255 1 0 3.978000
217 334 255 1 1 4.465000
214 335 255 1 0 4.473000
208 337 255 1 0 4.483000
202 340 255 1 0 4.490000
196 343 255 1 0 4.495000
191 345 255 1 0 4.503000
189 348 255 1 0 4.513000
185 350 255 1 0 4.520000
183 352 255 1 0 4.528000
182 353 255 1 0 4.535000
181 355 255 1 0 4.543000
180 355 255 1 0 4.553000
178 356 255 1 0 4.558000
176 359 255 1 0 4.565000
174 360 255 1 0 4.573000
171 363 255 1 0 4.583000
169 365 255 1 0 4.590000
167 367 255 1 0 4.598000
164 370 255 1 0 4.605000
162 372 255 1 0 4.613000
160 375 255 1 0 4.620000
158 377 255 1 0 4.628000
157 378 255 1 0 4.635000
156 380 255 1 0 4.643000
155 382 255 1 0 4.653000
154 383 255 1 0 4.660000
154 386 255 1 0 4.668000
153 388 255 1 0 4.673000
152 390 255 1 0 4.683000
151 392 255 1 0 4.690000
151 395 255 1 0 4.698000
150 397 255 1 0 4.705000
149 399 255 1 0 4.713000
149 401 255 1 0 4.723000
149 404 255 1 0 4.728000
149 406 255 1 0 4.735000
149 407 255 1 0 4.743000
149 408 255 1 0 4.753000
149 410 255 1 0 4.760000
149 411 255 1 0 4.768000
150 412 255 1 0 4.775000
150 415 255 1 0 4.783000
151 418 255 1 0 4.790000
154 421 255 1 0 4.798000
156 425 255 1 0 4.805000
160 428 255 1 0 4.813000
164 431 255 1 0 4.823000
168 434 255 1 0 4.830000
173 436 255 1 0 4.838000
181 437 255 1 0 4.843000
190 437 255 1 0 4.853000
202 437 255 1 0 4.860000
214 437 255 1 0 4.868000
226 437 255 1 0 4.875000
239 435 255 1 0 4.883000
250 434 255 1 0 4.893000
258 433 255 1 0 4.898000
264 431 255 1 0 4.905000
269 429 255 1 0 4.913000
271 427 255 1 0 4.923000
272 427 255 1 0 4.930000
273 425 255 1 0 4.938000
275 423 255 1 0 4.945000
275 421 255 1 0 4.953000
276 417 255 1 0 4.960000
277 413 255 1 0 4.968000
278 410 255 1 0 4.975000
279 407 255 1 0 4.983000
279 404 255 1 0 4.993000
279 402 255 1 0 5.000000
278 399 255 1 0 5.008000
277 397 255 1 0 5.013000
276 394 255 1 0 5.023000
275 391 255 1 0 5.030000
273 388 255 1 0 5.038000
272 386 255 1 0 5.045000
270 382 255 1 0 5.053000
269 380 255 1 0 5.063000
268 378 255 1 0 5.068000
266 376 255 1 0 5.075000
266 374 255 1 0 5.083000
265 373 255 1 0 5.093000
264 371 255 1 0 5.100000
262 371 255 1 0 5.108000
262 370 255 1 0 5.115000
261 369 255 1 0 5.123000
259 367 255 1 0 5.130000
256 366 255 1 0 5.138000
254 365 255 1 0 5.145000
252 363 255 1 0 5.153000
248 361 255 1 0 5.163000
244 358 255 1 0 5.170000
239 355 255 1 0 5.178000
235 353 255 1 0 5.185000
232 351 255 1 0 5.193000
230 349 255 1 0 5.200000
227 347 255 1 0 5.208000
225 346 255 1 0 5.215000
223 345 255 1 0 5.223000
221 343 255 1 0 5.233000
220 342 255 1 0 5.245000
220 341 255 1 0 5.278000
219 341 255 1 0 5.378000
218 341 255 1 0 5.385000
510 206 16711680 3 1 8.549000
502 206 16711680 3 0 8.594000
494 209 16711680 3 0 8.601000
485 213 16711680 3 0 8.609000
478 216 16711680 3 0 8.619000
473 219 16711680 3 0 8.626000
471 220 16711680 3 0 8.634000
470 221 16711680 3 0 8.641000
469 222 16711680 3 0 8.656000
469 223 16711680 3 0 8.664000
466 224 16711680 3 0 8.671000
464 226 16711680 3 0 8.679000
461 229 16711680 3 0 8.689000
457 233 16711680 3 0 8.696000
454 236 16711680 3 0 8.701000
450 242 16711680 3 0 8.709000
446 247 16711680 3 0 8.719000
443 253 16711680 3 0 8.726000
440 259 16711680 3 0 8.734000
438 263 16711680 3 0 8.741000
438 267 16711680 3 0 8.749000
437 270 16711680 3 0 8.759000
437 273 16711680 3 0 8.764000
436 276 16711680 3 0 8.771000
435 278 16711680 3 0 8.781000
435 281 16711680 3 0 8.789000
434 284 16711680 3 0 8.796000
434 286 16711680 3 0 8.804000
434 289 16711680 3 0 8.811000
434 291 16711680 3 0 8.819000
434 292 16711680 3 0 8.826000
434 293 16711680 3 0 8.834000
434 294 16711680 3 0 8.841000
434 295 16711680 3 0 8.859000
434 297 16711680 3 0 8.866000
435 299 16711680 3 0 8.874000
436 302 16711680 3 0 8.879000
436 304 16711680 3 0 8.889000
437 306 16711680 3 0 8.896000
438 307 16711680 3 0 8.904000
439 310 16711680 3 0 8.911000
439 311 16711680 3 0 8.929000
440 311 16711680 3 0 8.934000
440 312 16711680 3 0 8.941000
441 313 16711680 3 0 8.949000
443 315 16711680 3 0 8.966000
446 318 16711680 3 0 8.974000
450 321 16711680 3 0 8.982000
456 326 16711680 3 0 8.989000
462 332 16711680 3 0 8.997000
467 336 16711680 3 0 9.004000
471 339 16711680 3 0 9.012000
473 341 16711680 3 0 9.019000
476 342 16711680 3 0 9.029000
477 343 16711680 3 0 9.037000
478 344 16711680 3 0 9.044000
479 344 16711680 3 0 9.059000
481 345 16711680 3 0 9.067000
485 345 16711680 3 0 9.074000
490 346 16711680 3 0 9.082000
496 346 16711680 3 0 9.089000
503 346 16711680 3 0 9.099000
508 346 16711680 3 0 9.104000
514 346 16711680 3 0 9.112000
517 346 16711680 3 0 9.119000
518 346 16711680 3 0 9.129000
519 346 16711680 3 0 9.137000
520 346 16711680 3 0 9.144000
522 345 16711680 3 0 9.152000
523 344 16711680 3 0 9.159000
525 344 16711680 3 0 9.167000
528 342 16711680 3 0 9.174000
529 341 16711680 3 0 9.182000
532 339 16711680 3 0 9.189000
535 337 16711680 3 0 9.199000
536 336 16711680 3 0 9.207000
538 335 16711680 3 0 9.214000
539 334 16711680 3 0 9.219000
540 333 16711680 3 0 9.229000
540 332 16711680 3 0 9.237000
541 332 16711680 3 0 9.244000
541 331 16711680 3 0 9.252000
542 330 16711680 3 0 9.259000
543 328 16711680 3 0 9.269000
544 326 16711680 3 0 9.277000
545 322 16711680 3 0 9.282000
547 320 16711680 3 0 9.289000
548 317 16711680 3 0 9.299000
550 313 16711680 3 0 9.307000
551 311 16711680 3 0 9.314000
552 309 16711680 3 0 9.322000
552 307 16711680 3 0 9.329000
552 305 16711680 3 0 9.339000
552 304 16711680 3 0 9.344000
552 303 16711680 3 0 9.352000
553 300 16711680 3 0 9.359000
553 299 16711680 3 0 9.369000
553 297 16711680 3 0 9.377000
553 294 16711680 3 0 9.384000
553 292 16711680 3 0 9.389000
554 288 16711680 3 0 9.399000
554 286 16711680 3 0 9.407000
554 284 16711680 3 0 9.414000
554 282 16711680 3 0 9.422000
554 280 16711680 3 0 9.429000
554 278 16711680 3 0 9.439000
554 275 16711680 3 0 9.447000
554 273 16711680 3 0 9.454000
553 270 16711680 3 0 9.459000
553 267 16711680 3 0 9.469000
552 264 16711680 3 0 9.477000
551 259 16711680 3 0 9.484000
550 255 16711680 3 0 9.492000
549 252 16711680 3 0 9.499000
549 249 16711680 3 0 9.507000
548 247 16711680 3 0 9.514000
548 245 16711680 3 0 9.522000
547 243 16711680 3 0 9.529000
546 240 16711680 3 0 9.539000
545 238 16711680 3 0 9.547000
545 236 16711680 3 0 9.554000
543 233 16711680 3 0 9.562000
541 230 16711680 3 0 9.569000
539 227 16711680 3 0 9.577000
537 225 16711680 3 0 9.584000
535 222 16711680 3 0 9.592000
533 220 16711680 3 0 9.599000
531 218 16711680 3 0 9.609000
530 216 16711680 3 0 9.617000
528 215 16711680 3 0 9.624000
527 215 16711680 3 0 9.629000
526 214 16711680 3 0 9.639000
523 213 16711680 3 0 9.647000
521 213 16711680 3 0 9.654000
519 212 16711680 3 0 9.662000
517 211 16711680 3 0 9.669000
514 210 16711680 3 0 9.679000
512 210 16711680 3 0 9.684000
510 209 16711680 3 0 9.692000
508 209 16711680 3 0 9.699000
508 208 16711680 3 0 9.709000
507 208 16711680 3 0 9.717000
505 208 16711680 3 0 9.732000
503 208 16711680 3 0 9.739000
499 208 16711680 3 0 9.747000
494 208 16711680 3 0 9.754000
491 207 16711680 3 0 9.762000
488 207 16711680 3 0 9.769000
486 207 16711680 3 0 9.779000
485 207 16711680 3 0 9.787000
646 187 16711680 3 1 10.179000
645 190 16711680 3 0 10.189000
645 192 16711680 3 0 10.197000
644 194 16711680 3 0 10.202000
644 196 16711680 3 0 10.209000
644 199 16711680 3 0 10.219000
644 201 16711680 3 0 10.227000
644 204 16711680 3 0 10.234000
644 207 16711680 3 0 10.242000
643 212 16711680 3 0 10.249000
642 218 16711680 3 0 10.257000
642 224 16711680 3 0 10.264000
641 231 16711680 3 0 10.272000
641 239 16711680 3 0 10.279000
640 248 16711680 3 0 10.289000
638 261 16711680 3 0 10.297000
637 273 16711680 3 0 10.304000
637 283 16711680 3 0 10.312000
637 292 16711680 3 0 10.319000
637 302 16711680 3 0 10.327000
637 310 16711680 3 0 10.334000
637 317 16711680 3 0 10.342000
638 325 16711680 3 0 10.349000
639 331 16711680 3 0 10.359000
640 337 16711680 3 0 10.367000
641 343 16711680 3 0 10.372000
641 348 16711680 3 0 10.379000
641 352 16711680 3 0 10.389000
642 357 16711680 3 0 10.397000
642 362 16711680 3 0 10.404000
642 365 16711680 3 0 10.412000
642 369 16711680 3 0 10.419000
642 371 16711680 3 0 10.429000
642 372 16711680 3 0 10.434000
642 373 16711680 3 0 10.442000
642 374 16711680 3 0 10.449000
642 375 16711680 3 0 10.459000
642 376 16711680 3 0 10.559000
647 263 16711680 3 1 10.969000
649 263 16711680 3 0 11.077000
652 263 16711680 3 0 11.084000
654 263 16711680 3 0 11.092000
656 263 16711680 3 0 11.099000
658 262 16711680 3 0 11.109000
660 262 16711680 3 0 11.117000
664 262 16711680 3 0 11.122000
667 262 16711680 3 0 11.129000
669 261 16711680 3 0 11.139000
671 261 16711680 3 0 11.147000
673 261 16711680 3 0 11.154000
676 260 16711680 3 0 11.162000
677 260 16711680 3 0 11.169000
678 260 16711680 3 0 11.184000
679 260 16711680 3 0 11.192000
681 260 16711680 3 0 11.199000
683 260 16711680 3 0 11.209000
684 260 16711680 3 0 11.217000
686 260 16711680 3 0 11.224000
688 260 16711680 3 0 11.232000
691 260 16711680 3 0 11.239000
693 260 16711680 3 0 11.247000
695 260 16711680 3 0 11.254000
696 260 16711680 3 0 11.262000
697 260 16711680 3 0 11.269000
699 260 16711680 3 0 11.287000
700 260 16711680 3 0 11.292000
701 260 16711680 3 0 11.299000
702 260 16711680 3 0 11.309000
703 260 16711680 3 0 11.324000
704 260 16711680 3 0 11.332000
705 260 16711680 3 0 11.339000
707 260 16711680 3 0 11.354000
710 261 16711680 3 0 11.362000
711 261 16711680 3 0 11.369000
713 262 16711680 3 0 11.379000
715 263 16711680 3 0 11.387000
716 263 16711680 3 0 11.402000
717 264 16711680 3 0 11.509000
718 213 65280 5 1 15.307000
719 213 65280 5 0 15.329000
720 213 65280 5 0 15.344000
721 213 65280 5 0 15.352000
722 213 65280 5 0 15.359000
725 212 65280 5 0 15.369000
728 211 65280 5 0 15.377000
731 210 65280 5 0 15.384000
734 210 65280 5 0 15.389000
738 209 65280 5 0 15.399000
741 209 65280 5 0 15.407000
743 208 65280 5 0 15.414000
745 208 65280 5 0 15.422000
746 208 65280 5 0 15.429000
747 208 65280 5 0 15.477000
753 207 65280 5 0 15.484000
762 207 65280 5 0 15.492000
772 207 65280 5 0 15.499000
782 207 65280 5 0 15.507000
790 208 65280 5 0 15.514000
798 209 65280 5 0 15.522000
803 210 65280 5 0 15.529000
805 211 65280 5 0 15.539000
806 211 65280 5 0 15.547000
806 212 65280 5 0 15.554000
807 213 65280 5 0 15.592000
810 215 65280 5 0 15.599000
813 218 65280 5 0 15.609000
817 219 65280 5 0 15.617000
819 221 65280 5 0 15.622000
821 222 65280 5 0 15.629000
822 223 65280 5 0 15.639000
822 224 65280 5 0 15.692000
824 226 65280 5 0 15.699000
825 229 65280 5 0 15.709000
827 232 65280 5 0 15.717000
829 235 65280 5 0 15.724000
830 238 65280 5 0 15.732000
831 240 65280 5 0 15.739000
832 241 65280 5 0 15.747000
832 242 65280 5 0 15.799000
832 244 65280 5 0 15.832000
831 246 65280 5 0 15.839000
830 248 65280 5 0 15.847000
830 251 65280 5 0 15.854000
829 253 65280 5 0 15.862000
828 254 65280 5 0 15.869000
827 256 65280 5 0 15.879000
827 257 65280 5 0 15.887000
826 259 65280 5 0 15.894000
825 260 65280 5 0 15.902000
825 262 65280 5 0 15.909000
823 263 65280 5 0 15.917000
822 266 65280 5 0 15.924000
820 269 65280 5 0 15.932000
817 272 65280 5 0 15.942000
815 276 65280 5 0 15.949000
812 281 65280 5 0 15.957000
809 284 65280 5 0 15.962000
807 288 65280 5 0 15.969000
806 290 65280 5 0 15.979000
804 292 65280 5 0 15.987000
803 295 65280 5 0 15.994000
800 297 65280 5 0 16.002000
799 299 65280 5 0 16.009000
796 303 65280 5 0 16.017000
794 306 65280 5 0 16.024000
791 310 65280 5 0 16.032000
787 316 65280 5 0 16.039000
783 321 65280 5 0 16.049000
780 324 65280 5 0 16.057000
778 327 65280 5 0 16.064000
776 329 65280 5 0 16.072000
773 332 65280 5 0 16.079000
771 334 65280 5 0 16.087000
768 336 65280 5 0 16.094000
766 339 65280 5 0 16.102000
763 342 65280 5 0 16.109000
761 345 65280 5 0 16.119000
758 348 65280 5 0 16.127000
756 351 65280 5 0 16.132000
754 353 65280 5 0 16.139000
752 355 65280 5 0 16.149000
750 359 65280 5 0 16.157000
747 361 65280 5 0 16.164000
747 362 65280 5 0 16.172000
746 363 65280 5 0 16.179000
745 364 65280 5 0 16.189000
744 367 65280 5 0 16.194000
741 369 65280 5 0 16.202000
741 370 65280 5 0 16.209000
738 373 65280 5 0 16.219000
738 375 65280 5 0 16.227000
736 376 65280 5 0 16.234000
735 379 65280 5 0 16.242000
734 379 65280 5 0 16.249000
733 380 65280 5 0 16.257000
735 379 65280 5 0 16.304000
738 376 65280 5 0 16.309000
742 373 65280 5 0 16.319000
745 370 65280 5 0 16.327000
750 366 65280 5 0 16.334000
786 318 65280 5 1 16.690000
787 318 65280 5 0 16.698000
788 318 65280 5 0 16.720000
789 318 65280 5 0 16.735000
790 318 65280 5 0 16.745000
791 318 65280 5 0 16.768000
793 318 65280 5 0 16.783000
796 318 65280 5 0 16.790000
799 319 65280 5 0 16.798000
801 320 65280 5 0 16.805000
803 320 65280 5 0 16.815000
806 321 65280 5 0 16.823000
808 322 65280 5 0 16.828000
810 323 65280 5 0 16.835000
812 324 65280 5 0 16.845000
814 325 65280 5 0 16.853000
815 326 65280 5 0 16.868000
816 327 65280 5 0 16.875000
817 327 65280 5 0 16.883000
817 328 65280 5 0 16.890000
819 328 65280 5 0 16.898000
819 329 65280 5 0 16.905000
821 330 65280 5 0 16.915000
822 333 65280 5 0 16.923000
824 335 65280 5 0 16.930000
826 337 65280 5 0 16.938000
827 340 65280 5 0 16.945000
828 342 65280 5 0 16.953000
829 344 65280 5 0 16.960000
830 345 65280 5 0 16.968000
830 347 65280 5 0 16.975000
831 347 65280 5 0 16.985000
832 348 65280 5 0 16.998000
832 349 65280 5 0 17.015000
833 349 65280 5 0 17.023000
836 351 65280 5 0 17.030000
838 354 65280 5 0 17.038000
840 356 65280 5 0 17.045000
843 359 65280 5 0 17.055000
845 360 65280 5 0 17.060000
846 361 65280 5 0 17.068000
847 361 65280 5 0 17.075000
848 362 65280 5 0 17.085000
850 363 65280 5 0 17.100000
851 364 65280 5 0 17.105000
852 365 65280 5 0 17.115000
854 366 65280 5 0 17.123000
854 367 65280 5 0 17.130000
855 367 65280 5 0 17.138000
855 368 65280 5 0 17.145000
923 182 65280 5 1 17.780000
923 183 65280 5 0 17.865000
924 188 65280 5 0 17.873000
927 196 65280 5 0 17.880000
931 205 65280 5 0 17.888000
932 213 65280 5 0 17.895000
933 222 65280 5 0 17.905000
933 229 65280 5 0 17.913000
933 235 65280 5 0 17.918000
934 241 65280 5 0 17.925000
934 247 65280 5 0 17.935000
934 255 65280 5 0 17.943000
935 261 65280 5 0 17.950000
936 266 65280 5 0 17.958000
937 272 65280 5 0 17.965000
937 278 65280 5 0 17.973000
938 284 65280 5 0 17.980000
939 289 65280 5 0 17.988000
940 295 65280 5 0 17.995000
941 298 65280 5 0 18.005000
942 301 65280 5 0 18.013000
942 305 65280 5 0 18.020000
942 308 65280 5 0 18.028000
942 311 65280 5 0 18.035000
942 314 65280 5 0 18.043000
942 319 65280 5 0 18.050000
942 324 65280 5 0 18.058000
942 331 65280 5 0 18.065000
942 338 65280 5 0 18.075000
942 346 65280 5 0 18.083000
942 355 65280 5 0 18.088000
943 363 65280 5 0 18.095000
943 370 65280 5 0 18.105000
943 377 65280 5 0 18.113000
943 381 65280 5 0 18.120000
943 384 65280 5 0 18.128000
943 388 65280 5 0 18.135000
942 392 65280 5 0 18.145000
942 397 65280 5 0 18.150000
942 400 65280 5 0 18.158000
942 405 65280 5 0 18.165000
941 408 65280 5 0 18.175000
941 411 65280 5 0 18.183000
940 414 65280 5 0 18.190000
939 416 65280 5 0 18.198000
938 418 65280 5 0 18.205000
938 421 65280 5 0 18.213000
938 422 65280 5 0 18.220000
938 423 65280 5 0 18.228000
938 424 65280 5 0 18.235000
0 0 0 0 0 0.000000
